../../../../../.git/annex/objects/fz/52/SHA256E-s251--f0c8ae2c3e710f708c76a67930e8b78963a7c4efa4ea8ae525806c64f0fe34ee.csv/SHA256E-s251--f0c8ae2c3e710f708c76a67930e8b78963a7c4efa4ea8ae525806c64f0fe34ee.csv